Name NACA 0030 Airfoil M=0.0% P=0.0% T=30.0%

75.000000 0.000000
74.884425 0.053340
74.538300 0.212217
73.963875 0.473869
73.164600 0.833723
72.145500 1.285589
70.912725 1.821847
69.474000 2.433923
67.838100 3.112484
66.015225 3.847529
64.016475 4.628769
61.854300 5.445633
59.541975 6.287643
57.093675 7.143845
54.524625 8.003476
51.850650 8.855488
49.088100 9.688354
46.254225 10.490454
43.366275 11.249501
40.442250 11.952922
37.500000 12.587668
34.557750 13.140595
31.633725 13.598938
28.745775 13.949934
25.911900 14.181963
23.149350 14.284738
20.475375 14.249686
17.906325 14.070330
15.458025 13.742670
13.145700 13.265467
10.983525 12.640342
8.984775 11.871389
7.161900 10.965371
5.526000 9.931051
4.087275 8.778811
2.854500 7.519892
1.835400 6.165818
1.036125 4.727734
0.461700 3.215450
0.115575 1.637538
0.000000 0.000000
0.115575 -1.637538
0.461700 -3.215450
1.036125 -4.727734
1.835400 -6.165818
2.854500 -7.519892
4.087275 -8.778811
5.526000 -9.931051
7.161900 -10.965371
8.984775 -11.871389
10.983525 -12.640342
13.145700 -13.265467
15.458025 -13.742670
17.906325 -14.070330
20.475375 -14.249686
23.149350 -14.284738
25.911900 -14.181963
28.745775 -13.949934
31.633725 -13.598938
34.557750 -13.140595
37.500000 -12.587668
40.442250 -11.952922
43.366275 -11.249501
46.254225 -10.490454
49.088100 -9.688354
51.850650 -8.855488
54.524625 -8.003476
57.093675 -7.143845
59.541975 -6.287643
61.854300 -5.445633
64.016475 -4.628769
66.015225 -3.847529
67.838100 -3.112484
69.474000 -2.433923
70.912725 -1.821847
72.145500 -1.285589
73.164600 -0.833723
73.963875 -0.473869
74.538300 -0.212217
74.884425 -0.053340
75.000000 0.000000
